structure(c(0, 1, 2, 3, 4, 5, 6, 7, 8, 9, 10, 11, 12, 13, 14, 
15, 16, 17, 18, 19, 20, 21, 22, 23, 24, 25, 26, 27, 28, 29, 30, 
31, 32, 33, 34, 35, 36, 37, 38, 39, 40, 41, 42, 43, 44, 45, 46, 
47, 48, 49, 50, 51, 52, 53, 54, 55, 56, 57, 58, 59, 60, 61, 62, 
63, 64, 65, 66, 67, 69, 70, 71, 72, 73, 74, 75, 76, 77, 78, 79, 
80, 81, 82, 83, 84, 85, 86, 87, 88, 89, 90, 91, 92, 93, 94, 95, 
96, 97, 98, 99, 100, 101, 102, 103, 104, 105, 106, 107, 108, 
109, 110, 111, 112, 113, 114, 115, 116, 117, 118, 119, 120, 121, 
122, 123, 124, 125, 126, 127, 128, 129, 130, 131, 132, 133, 134, 
135, 136, 137, 138, 139, 140, 141, 142, 143, 144, 145, 146, 147, 
148, 149, 150, 151, 152, 153, 154, 155, 156, 157, 158, 159, 160, 
161, 162, 163, 164, 165, 166, 167, 168, 169, 170, 171, 175, 176, 
178, 179, 180, 181, 182, 183, 184, 185, 186, 187, 188, 189, 190, 
191, 192, 193, 194, 195, 196, 197, 198, 199, 200, 201, 203, 204, 
205, 206, 207, 208, 209, 210, 211, 212, 213, 214, 215, 216, 217, 
218, 219, 221, 222, 223, 224, 225, 226, 227, 228, 229, 230, 231, 
232, 233, 234, 235, 236, 237, 238, 239, 240, 241, 242, 243, 244, 
245, 246, 247, 248, 249, 250, 251, 252, 253, 254, 255, 256, 258, 
259, 260, 261, 262, 263, 264, 265, 266, 267, 268, 269, 270, 271, 
273, 274, 275, 276, 277, 278, 279, 280, 281, 282, 283, 284, 285, 
286, 287, 288, 289, 290, 291, 292, 293, 294, 295, 296, 298, 299, 
300, 301, 302, 303, 304, 305, 306, 307, 308, 309, 310, 311, 312, 
313, 314, 315, 316, 317, 318, 319, 320, 321, 322, 323, 324, 325, 
326, 327, 328, 329, 330, 331, 333, 334, 335, 336, 337, 338, 339, 
340, 341, 342, 343, 344, 345, 346, 347, 348, 349, 350, 351, 352, 
353, 354, 355, 356, 357, 358, 359, 360, 361, 362, 363, 364, 365, 
366, 367, 369, 370, 371, 372, 373, 374, 375, 376, 377, 378, 379, 
380, 381, 382, 383, 384, 386, 387, 388, 389, 390, 391, 392, 393, 
394, 395, 396, 397, 398, 399, 400, 401, 402, 403, 404, 405, 406, 
407, 408, 409, 410, 411, 412, 413, 414, 415, 416, 417, 418, 422, 
423, 424, 425, 426, 427, 428, 429, 430, 431, 432, 433, 434, 435, 
436, 437, 438, 439, 440, 441, 442, 443, 444, 445, 446, 447, 448, 
449, 450, 451, 452, 453, 454, 455, 456, 457, 458, 459, 460, 461, 
462, 463, 464, 465, 466, 467, 469, 471, 472, 473, 474, 475, 476, 
477, 478, 479, 480, 481, 482, 483, 485, 486, 487, 488, 489, 490, 
491, 492, 493, 494, 495, 496, 497, 500, 501, 502, 503, 504, 505, 
510, 512, 513, 515, 516, 517, 518, 519, 520, 521, 522, 523, 524, 
525, 526, 527, 528, 529, 530, 531, 532, 533, 534, 536, 537, 538, 
539, 540, 541, 542, 543, 544, 545, 546, 547, 549, 550, 551, 552, 
553, 554, 555, 556, 557, 558, 559, 560, 561, 562, 563, 564, 565, 
566, 567, 568, 569, 570, 571, 572, 573, 574, 575, 576, 577, 578, 
579, 580, 581, 582, 583, 584, 585, 587, 588, 590, 591, 592, 593, 
595, 596, 597, 598, 599, 600, 601, 602, 603, 604, 605, 606, 607, 
608, 609, 610, 611, 612, 613, 614, 615, 616, 617, 618, 619, 620, 
621, 622, 623, 624, 625, 626, 627, 628, 629, 630, 631, 632, 633, 
634, 635, 636, 637, 638, 639, 640, 641, 642, 643, 644, 645, 646, 
647, 648, 649, 650, 651, 652, 653, 654, 655, 656, 657, 658, 659, 
660, 661, 662, 663, 664, 665, 666, 669, 670, 671, 672, 673, 674, 
675, 676, 677, 678, 679, 680, 681, 682, 683, 684, 685, 686, 687, 
688, 689, 690, 691, 692, 693, 694, 695, 696, 697, 698, 699, 700, 
701, 702, 703, 704, 705, 706, 708, 709, 712, 713, 714, 715, 716, 
717, 718, 719, 722, 724, 725, 726, 727, 728, 729, 730, 731, 732, 
733, 734, 735, 736, 737, 738, 739, 740, 741, 742, 743, 744, 745, 
746, 747, 748, 749, 750, 751, 752, 753, 754, 755, 756, 757, 758, 
761, 762, 763, 764, 765, 766, 767, 768, 769, 771, 772, 773, 774, 
776, 777, 778, 779, 780, 781, 782, 783, 784, 785, 786, 787, 788, 
789, 790, 791, 792, 793, 794, 795, 796, 797, 798, 799, 800, 801, 
802, 803, 804, 805, 806, 807, 808, 809, 810, 811, 812, 813, 815, 
816, 817, 818, 819, 820, 821, 822, 823, 824, 825, 826, 827, 828, 
829, 830, 831, 832, 833, 834, 835, 836, 837, 838, 839, 840, 841, 
842, 843, 844, 845, 846, 847, 849, 850, 851, 852, 853, 854, 855, 
856, 857, 858, 859, 860, 861, 862, 863, 864, 865, 866, 867, 868, 
869, 870, 871, 872, 873, 874, 875, 876, 877, 878, 879, 880, 881, 
882, 883, 884, 885, 887, 888, 889, 890, 891, 892, 893, 894, 895, 
896, 897, 898, 899, 900, 901, 902, 903, 904, 905, 906, 907, 908, 
909, 912, 913, 914, 915, 916, 917, 918, 919, 920, 921, 922, 923, 
924, 925, 926, 927, 929, 930, 933, 934, 935, 937, 938, 939, 940, 
941, 942, 943, 944, 945, 946, 947, 948, 949, 950, 951, 952, 953, 
954, 955, 956, 957, 958, 959, 960, 961, 962, 963, 964, 965, 966, 
967, 968, 969, 970, 971, 972, 973, 974, 975, 976, 977, 978, 979, 
980, 981, 983, 984, 985, 986, 987, 988, 989, 990, 991, 992, 993, 
994, 995, 996, 997, 998, 999, 1000, 1001, 1002, 1003, 1004, 1005, 
1006, 1007, 1008, 1009, 1010, 1011, 1012, 1013, 1014, 1015, 1016, 
1019, 1022, 1023, 1024, 1025, 1026, 1027, 1028, 1029, 1030, 1031, 
1032, 1033, 1034, 1035, 1036, 1037, 1038, 1039, 1040, 1041, 1042, 
1043, 1044, 1045, 1046, 1047, 1048, 1049, 1050, 1051, 1052, 1053, 
1054, 1055, 1056, 1057, 1058, 1059, 1060, 1061, 1062, 1063, 1064, 
1065, 1066, 1067, 1068, 1069, 1070, 1071, 1072, 1073, 1074, 1075, 
1076, 1077, 1078, 1079, 1080, 1081, 1082, 1083, 1084, 1085, 1086, 
1087, 1088, 1089, 1090, 1091, 1092, 1093, 1094, 1095, 1097, 1098, 
1099, 1100, 1101, 1102, 1103, 1104, 1105, 1106, 1107, 1108, 1109, 
1110, 1111, 1112, 1113, 1114, 1115, 1116, 1117, 1118, 1119, 1120, 
1122, 1123, 1124, 1125, 1126, 1127, 1128, 1129, 1130, 1131, 1132, 
1133, 1134, 1135, 1136, 1137, 1138, 1139, 1140, 1141, 1142, 1143, 
1144, 1145, 1146, 1147, 1148, 1149, 1150, 1151, 1153, 1154), class = c("xts", 
"zoo"), .indexCLASS = c("POSIXct", "POSIXt"), .indexTZ = "", tclass = c("POSIXct", 
"POSIXt"), tzone = "", index = structure(c(1454943114.45, 1454945502.249, 
1454949539.348, 1454950547.206, 1454953615.461, 1454953775.191, 
1454954932.745, 1454957614.479, 1454958898.019, 1455028422.635, 
1455029457.227, 1455030688.254, 1455034436.605, 1455036644.873, 
1455037314.734, 1455038326.481, 1455041686.642, 1455045169.639, 
1455045298.19, 1455114655.882, 1455115519.72, 1455117412.373, 
1455118950.167, 1455120631.864, 1455123261.519, 1455125631.783, 
1455129157.048, 1455131630.722, 1455201096.949, 1455201895.849, 
1455202605.513, 1455203210.507, 1455204326.065, 1455206558.148, 
1455209097.525, 1455211739.795, 1455213848.185, 1455217649.98, 
1455287454.726, 1455288047.965, 1455288888.628, 1455289853.036, 
1455291081.364, 1455292823.161, 1455295406.635, 1455296995.721, 
1455298900.937, 1455301428.037, 1455303713.037, 1455304499.783, 
1455633114.8, 1455633598.221, 1455634425.255, 1455635452.855, 
1455636479.694, 1455637559.884, 1455638508.66, 1455639570.083, 
1455641333.13, 1455642465.44, 1455643008.143, 1455643733.693, 
1455644691.417, 1455646209.573, 1455647190.358, 1455649968.056, 
1455650188.681, 1455719693.869, 1455719814.694, 1455720042.318, 
1455720591.427, 1455721195.728, 1455721967.447, 1455722430.659, 
1455723171.972, 1455723707.502, 1455724538.945, 1455725598.89, 
1455727242.901, 1455728651.926, 1455731207.532, 1455733016.986, 
1455735164.056, 1455736370.807, 1455736553.571, 1455806094.715, 
1455806570.314, 1455807112.894, 1455808424.219, 1455809635.962, 
1455810281.59, 1455811192.357, 1455811675.851, 1455811915.12, 
1455812510.781, 1455813219.313, 1455813832.943, 1455814953.186, 
1455816171.668, 1455817243.347, 1455818747.494, 1455820817.881, 
1455822418.214, 1455822899.855, 1455823196.526, 1455892439.312, 
1455893097.178, 1455893392.335, 1455894335.167, 1455895132.02, 
1455896442.41, 1455897701.484, 1455898546.918, 1455899626.524, 
1455900769.287, 1455902742.098, 1455903595.488, 1455904853.293, 
1455905815.539, 1455907191.322, 1455908323.866, 1455908987.866, 
1455909299.427, 1456151452.318, 1456151634.999, 1456151997.979, 
1456152211.062, 1456152826.528, 1456153250.636, 1456153658.628, 
1456153859.233, 1456153977.431, 1456154146.487, 1456154336.288, 
1456154817.397, 1456155052.38, 1456155281.269, 1456155597.991, 
1456155955.219, 1456156436.14, 1456156610.889, 1456156979.211, 
1456157751.755, 1456158266.378, 1456159056.066, 1456160393.575, 
1456161222.259, 1456162255.028, 1456163668.51, 1456164888.997, 
1456166255.529, 1456167758.16, 1456168439.855, 1456168499.712, 
1456168676.978, 1456237972.761, 1456238092.885, 1456238277.787, 
1456238637.518, 1456239101.937, 1456239650.446, 1456239951.178, 
1456240259.981, 1456240439.845, 1456240977.776, 1456241558.602, 
1456242056.869, 1456242235.899, 1456242418.421, 1456242775.186, 
1456243015.785, 1456243316.757, 1456243378.879, 1456243558.486, 
1456243727.257, 1456244091.302, 1456244511.571, 1456244814.042, 
1456245296.608, 1456245944.249, 1456246607.47, 1456247278.794, 
1456247939.462, 1456248049.813, 1456249131.11, 1456250081.525, 
1456250511.057, 1456250986.26, 1456251339.244, 1456251652.561, 
1456251969.3, 1456253017.87, 1456253093.36, 1456253339.317, 1456253997.601, 
1456254354.789, 1456254653.337, 1456254899.482, 1456254933.377, 
1456324259.059, 1456324316.21, 1456324373.47, 1456324617.017, 
1456324917.038, 1456325216.998, 1456325753.011, 1456326175.825, 
1456326599.57, 1456326897.83, 1456327181.281, 1456327789.778, 
1456328187.839, 1456328638.285, 1456329176.945, 1456329359.199, 
1456329594.12, 1456329959.749, 1456330374.543, 1456330429.878, 
1456330617.812, 1456330855.02, 1456331144.542, 1456331219.346, 
1456331276.53, 1456331339.85, 1456331448.329, 1456331518.959, 
1456331637.499, 1456331746.402, 1456331875.432, 1456331933.348, 
1456332175.616, 1456332415.098, 1456332590.124, 1456332836.812, 
1456333077.699, 1456333432.196, 1456333859.911, 1456334032.904, 
1456334338.178, 1456334759.222, 1456334998.014, 1456335498.986, 
1456336547.019, 1456337151.107, 1456337626.79, 1456338952.998, 
1456339663.663, 1456340517.342, 1456340974.434, 1456341299.306, 
1456341357.793, 1456410657.42, 1456410768.341, 1456410897.821, 
1456411063.263, 1456411136.768, 1456411252.353, 1456411737.173, 
1456412155.846, 1456412453.512, 1456412560.582, 1456412873.641, 
1456413413.946, 1456413598.51, 1456414075.679, 1456414430.246, 
1456415038.407, 1456415628.272, 1456416050.962, 1456416352.275, 
1456416591.49, 1456417005.273, 1456417497.06, 1456417845.763, 
1456418094.897, 1456418263.647, 1456418634.209, 1456418926.151, 
1456419715.656, 1456420973.072, 1456421814.318, 1456423077.391, 
1456424097.378, 1456425174.265, 1456426280.711, 1456426859.205, 
1456427383.128, 1456427699.819, 1456497055.057, 1456497177.911, 
1456497290.71, 1456497590.993, 1456497959.875, 1456498378.291, 
1456498719.89, 1456499154.162, 1456499276.493, 1456499339.964, 
1456499454.338, 1456499817.841, 1456500276.12, 1456500997.601, 
1456501436.592, 1456502391.188, 1456503105.081, 1456503946.799, 
1456504906.288, 1456505577.958, 1456505928.247, 1456506401.384, 
1456506658.964, 1456507016.651, 1456507548.71, 1456508451.356, 
1456508923.872, 1456510111.985, 1456511194.537, 1456512056.428, 
1456513313.33, 1456513784.287, 1456513979.112, 1456514099.837, 
1456514399.234, 1456756257.253, 1456756371.66, 1456756556.969, 
1456756859.911, 1456757154.542, 1456757576.504, 1456757990.834, 
1456758718.452, 1456758954.202, 1456759257.928, 1456759850.604, 
1456760031.456, 1456760214.564, 1456760633.436, 1456760817.111, 
1456761027.021, 1456761406.109, 1456761778.706, 1456762132.497, 
1456762888.903, 1456763263.844, 1456764228.343, 1456765066.339, 
1456765990.965, 1456766801.168, 1456768079.812, 1456768610.419, 
1456769282.12, 1456770429.758, 1456771372.276, 1456772449.076, 
1456772876.725, 1456773239.89, 1456773299.058, 1456773357.255, 
1456842655.981, 1456842719.275, 1456842779.431, 1456842959.769, 
1456843069.383, 1456843138.541, 1456843194.446, 1456843316.519, 
1456843493.599, 1456843738.661, 1456843919.859, 1456844391.12, 
1456844513.768, 1456844726.355, 1456845296.576, 1456845418.584, 
1456845712.6, 1456845821.504, 1456846017.538, 1456846252.761, 
1456846554.339, 1456846797.736, 1456847202.12, 1456847810.762, 
1456848294.424, 1456848658.295, 1456848893.823, 1456849138.218, 
1456849194.711, 1456849305.307, 1456849482.285, 1456849916.975, 
1456850330.492, 1456850793.946, 1456851292.12, 1456851640.242, 
1456852231.508, 1456852887.95, 1456853437.942, 1456853828.244, 
1456854535.952, 1456855010.895, 1456856033.234, 1456856574.317, 
1456858045.631, 1456859141.955, 1456859271.28, 1456859699.873, 
1456859817.85, 1456929052.427, 1456929118.299, 1456929179.517, 
1456929237.361, 1456929298.58, 1456929534.593, 1456929716.372, 
1456929894.526, 1456930137.454, 1456930190.27, 1456930486.176, 
1456930674.74, 1456930799.665, 1456930918.497, 1456930977.586, 
1456931219.841, 1456931333.937, 1456931457.263, 1456931699.131, 
1456931819.442, 1456931998.117, 1456932232.836, 1456932698.844, 
1456933194.321, 1456933738.897, 1456933798.49, 1456934039.283, 
1456934337.211, 1456934758.769, 1456935219.865, 1456935473.365, 
1456935718.385, 1456936010.541, 1456936378.876, 1456936791.618, 
1456937022.711, 1456937503.577, 1456938898.559, 1456940030.057, 
1456941287.103, 1456942463.856, 1456943817.121, 1456945245.028, 
1456945972.425, 1456946099.884, 1457015459.207, 1457015564.901, 
1457015637.837, 1457015819.161, 1457015993.553, 1457016232.748, 
1457016596.428, 1457016778.826, 1457017424.444, 1457017842.918, 
1457018695.339, 1457019162.232, 1457019477.132, 1457019778.75, 
1457020068.116, 1457020674.43, 1457021088.056, 1457021393.97, 
1457021695.298, 1457022411.433, 1457022951.377, 1457023793.45, 
1457024314.467, 1457025105.441, 1457025565.683, 1457025836.373, 
1457026019.397, 1457026079.426, 1457026131.307, 1457026199.362, 
1457026254.895, 1457026432.42, 1457026559.546, 1457026619.936, 
1457026672.452, 1457026737.551, 1457026794.738, 1457026918.277, 
1457026978.662, 1457027159.117, 1457027454.554, 1457027631.835, 
1457027757.242, 1457028052.581, 1457028298.989, 1457028537.764, 
1457028710.018, 1457028987.791, 1457029318.182, 1457029965.797, 
1457030616.577, 1457031475.011, 1457031894.311, 1457032251.507, 
1457032379.517, 1457032499.947, 1457032678.304, 1457101859.865, 
1457101979.06, 1457102097.819, 1457102219.177, 1457102332.799, 
1457102459.864, 1457102633.795, 1457102878.733, 1457103048.865, 
1457103178.205, 1457103359.546, 1457103478.609, 1457103657.827, 
1457103832.633, 1457104010.665, 1457104195.96, 1457104439.297, 
1457104777.937, 1457104977.977, 1457105454.365, 1457105689.981, 
1457106046.995, 1457106529.004, 1457106953.543, 1457107133.599, 
1457107488.07, 1457107855.394, 1457108279.074, 1457108441.528, 
1457109114.473, 1457109654.119, 1457110312.49, 1457110377.17, 
1457111148.607, 1457111396.962, 1457111939.552, 1457112348.007, 
1457112719.065, 1457113138.394, 1457113908.939, 1457114934.513, 
1457115599.436, 1457116245.447, 1457116976.863, 1457117868.244, 
1457118584.428, 1457118838.55, 1457118899.678, 1457118959.144, 
1457361059.708, 1457361117.785, 1457361299.396, 1457361359.965, 
1457361419.213, 1457361536.316, 1457361658.264, 1457361947.055, 
1457362250.612, 1457362736.567, 1457362856.28, 1457363158.606, 
1457363456.299, 1457363993.114, 1457364656.848, 1457365188.254, 
1457365547.524, 1457366333.536, 1457366697.758, 1457367109.196, 
1457367299.786, 1457367762.995, 1457368136.175, 1457368829.156, 
1457370353.101, 1457371618.553, 1457372453.585, 1457373389.121, 
1457374176.07, 1457374919.808, 1457375210.891, 1457375931.793, 
1457376280.82, 1457377558.324, 1457377676.077, 1457377974.606, 
1457378039.016, 1457378099.816, 1457378201.938, 1457447454.95, 
1457447514.575, 1457447574.63, 1457447870.818, 1457448176.464, 
1457448719.114, 1457448839.403, 1457449014.675, 1457449310.331, 
1457449499.064, 1457449976.465, 1457450567.192, 1457451057.916, 
1457451411.561, 1457451535.352, 1457451658.522, 1457451898.547, 
1457452132.591, 1457452370.69, 1457452850.209, 1457453269.852, 
1457453454.258, 1457454058.559, 1457454470.916, 1457455078.119, 
1457455482.963, 1457456655.305, 1457457385.372, 1457458669.176, 
1457459725.145, 1457460384.348, 1457461017.735, 1457461230.265, 
1457461792.695, 1457462387.333, 1457462568.688, 1457464010.352, 
1457464499.743, 1457533856.212, 1457533979.348, 1457534155.833, 
1457534394.285, 1457534515.374, 1457534858.928, 1457534993.233, 
1457535291.199, 1457535357.635, 1457535594.038, 1457535837.816, 
1457536395.614, 1457536734.832, 1457537574.967, 1457538041.346, 
1457538770.918, 1457539312.965, 1457539904.82, 1457540683.018, 
1457541045.896, 1457541526.89, 1457541890.077, 1457542672.407, 
1457542906.309, 1457543038.782, 1457543147.518, 1457543328.207, 
1457543632.577, 1457543813.227, 1457544359.972, 1457544596.529, 
1457545553.159, 1457546092.682, 1457547052.64, 1457548253.035, 
1457549377.116, 1457550297.46, 1457550654.948, 1457550838.459, 
1457550899.703, 1457551198.015, 1457620259.272, 1457620378.809, 
1457620497.778, 1457620618.322, 1457620796.353, 1457621098.221, 
1457621159.705, 1457621277.968, 1457621396.028, 1457621512.919, 
1457621806.953, 1457622175.727, 1457622414.356, 1457622536.061, 
1457622773.657, 1457623308.761, 1457623917.59, 1457623978.33, 
1457624158.667, 1457624394.018, 1457624519.865, 1457624635.396, 
1457624754.196, 1457625059.137, 1457625230.429, 1457625533.842, 
1457626009.069, 1457626319.37, 1457626556.87, 1457626971.3, 1457627373.711, 
1457627869.318, 1457628719.551, 1457629591.573, 1457630154.948, 
1457630864.982, 1457631348.168, 1457631947.887, 1457632480.292, 
1457633159.127, 1457633699.618, 1457633938.824, 1457634052.678, 
1457634235.549, 1457634535.893, 1457634715.831, 1457634935.406, 
1457635614.849, 1457635735.179, 1457636131.125, 1457636447.987, 
1457636637.642, 1457636813.371, 1457636872.603, 1457637179.053, 
1457637299.675, 1457637353.105, 1457706659.151, 1457706710.43, 
1457706839.419, 1457706957.242, 1457707078.633, 1457707252.112, 
1457707498.635, 1457707555.41, 1457707676.146, 1457707849.345, 
1457708089.02, 1457708447.519, 1457708790.287, 1457709236.673, 
1457709658.77, 1457709948.96, 1457710196.61, 1457710557.916, 
1457710796.783, 1457711457.177, 1457711991.054, 1457712659.023, 
1457712992.133, 1457713642.112, 1457714038.375, 1457714155.375, 
1457714639.395, 1457715179.048, 1457716196.468, 1457716493.629, 
1457717330.228, 1457718439.993, 1457719733.861, 1457721358.706, 
1457722421.171, 1457723096.055, 1457723699.561, 1457723997.805, 
1457962319.248, 1457962499.831, 1457962858.827, 1457963088.497, 
1457963756.536, 1457964057.811, 1457964653.737, 1457965302.255, 
1457965735.057, 1457966273.023, 1457966579.33, 1457967118.596, 
1457967415.981, 1457967716.477, 1457967957.954, 1457968259.741, 
1457968542.375, 1457968978.271, 1457969447.624, 1457970353.525, 
1457970657.758, 1457970934.999, 1457971835.404, 1457972937.979, 
1457973570.546, 1457974670.808, 1457976080.825, 1457977017.654, 
1457977311.21, 1457978386.631, 1457978909.179, 1457979299.877, 
1457979407.378, 1458048656.349, 1458048839.537, 1458049017.379, 
1458049130.216, 1458049312.868, 1458049538.264, 1458049849.89, 
1458050266.61, 1458051056.185, 1458051359.721, 1458051954.014, 
1458052555.443, 1458052854.069, 1458053695.742, 1458054416.507, 
1458055010.833, 1458055858.874, 1458056317.936, 1458056752.384, 
1458057656.36, 1458057948.225, 1458058670.97, 1458059377.835, 
1458060444.165, 1458061612.046, 1458062973.943, 1458063772.088, 
1458065019.72, 1458065639.946, 1458065699.742, 1458065996.685, 
1458135116.809, 1458135296.321, 1458135656.744, 1458135937.217, 
1458136197.7, 1458136257.029, 1458136316.645, 1458136436.386, 
1458136916.318, 1458137337.291, 1458137936.326, 1458138767.094, 
1458139237.507, 1458139928.019, 1458141235.635, 1458141534.45, 
1458142375.341, 1458143271.292, 1458144768.95, 1458145746.409, 
1458146498.981, 1458147651.356, 1458148247.647, 1458149025.173, 
1458150532.243, 1458151190.067, 1458152038.88, 1458152099.295, 
1458152216.345, 1458221458.815, 1458221515.779, 1458221635.727, 
1458221937.873, 1458222536.818, 1458223076.481, 1458223253.271, 
1458224270.351, 1458224934.399, 1458225094.114, 1458225532.715, 
1458225768.592, 1458225837.949, 1458226011.474, 1458226138.692, 
1458226249.642, 1458226379.465, 1458226438.717, 1458226499.483, 
1458226559.489, 1458226618.749, 1458226739.797, 1458226791.588, 
1458226919.45, 1458227097.601, 1458227159.907, 1458227336.759, 
1458227506.231, 1458227742.126, 1458227939.434, 1458228171.782, 
1458228466.547, 1458228898.182, 1458229197.954, 1458229377.73, 
1458229916.209, 1458230565.595, 1458230819.053, 1458230878.628, 
1458230936.598, 1458231057.827, 1458231117.683, 1458231173.464, 
1458231295.73, 1458231407.245, 1458231658.167, 1458231833.51, 
1458232118.811, 1458232558.376, 1458233092.653, 1458233202.185, 
1458233399.743, 1458233634.011, 1458233998.96, 1458234404.282, 
1458235077.253, 1458235677.423, 1458236210.597, 1458236939.043, 
1458237599.016, 1458237952.817, 1458238258.428, 1458238379.232, 
1458238439.752, 1458238499.674, 1458307855.228, 1458307970.656, 
1458308157.434, 1458308387.859, 1458308920.939, 1458309346.369, 
1458309944.018, 1458310668.617, 1458311502.764, 1458311873.55, 
1458312478.676, 1458313077, 1458313552.835, 1458313797.884, 1458314066.629, 
1458314496.918, 1458314936.036, 1458315470.098, 1458315953.795, 
1458316584.958, 1458317739.297, 1458318417.07, 1458318642.91, 
1458319495.959, 1458320210.516, 1458320509.523, 1458321655.303, 
1458323212.263, 1458324116.339, 1458324719.947, 1458324839.616, 
1458324899.402, 1458324954.383, 1458567058.07, 1458567119.074, 
1458567173.055, 1458567236.702, 1458567297.97, 1458567418.086, 
1458567479.355, 1458567597.522, 1458567658.022, 1458567777.52, 
1458567837.03, 1458567896.668, 1458568078.926, 1458568318.06, 
1458568497.9, 1458568739.451, 1458568972.375, 1458569338.194, 
1458569683.19, 1458570410.965, 1458570716.408, 1458571119.001, 
1458571538.945, 1458571978.37, 1458572090.574, 1458572215.537, 
1458572812.005, 1458572916.517, 1458573119.279, 1458573472.578, 
1458574130.17, 1458574964.964, 1458576460.4, 1458577820.191, 
1458579683.794, 1458581260.568, 1458581573.165, 1458582041.141, 
1458582928.847, 1458583656.973, 1458584039.228, 1458584099.721, 
1458584212.915, 1458653508.64, 1458653758.779, 1458653878.07, 
1458654057.117, 1458654356.797, 1458654717.307, 1458655375.245, 
1458655555.438, 1458656032.528, 1458656500.241, 1458656879.098, 
1458657355.08, 1458657835.446, 1458658370.698, 1458658851.697, 
1458659568.951, 1458660057.863, 1458660296.785, 1458660597.232, 
1458661372.398, 1458661671.727, 1458662097.16, 1458662756.643, 
1458663765.791, 1458663952.856, 1458664075.337, 1458665086.799, 
1458667130.155, 1458667835.564, 1458668503.608, 1458669715.483, 
1458670438.792, 1458670499.762, 1458670798.386, 1458739915.616, 
1458740219.142, 1458740396.678, 1458740878.703, 1458741657.308, 
1458742729.779, 1458743154.724, 1458743578.841, 1458743933.531, 
1458744823.182, 1458745364.01, 1458746925.356, 1458747407.345, 
1458748499.907, 1458749511.017, 1458750038.892, 1458751663.376, 
1458753176.157, 1458754404.265, 1458755934.192, 1458756717.657, 
1458756839.532, 1458756899.555, 1458756945.009, 1458826256.987, 
1458826319.608, 1458826439.155, 1458826723.271, 1458827158.34, 
1458827219.447, 1458827338.917, 1458827870.662, 1458828294.185, 
1458828838.402, 1458829185.493, 1458829550.286, 1458829916.162, 
1458830039.563, 1458830277.383, 1458830756.88, 1458831419.044, 
1458832188.435, 1458833082.997, 1458834226.657, 1458835427.404, 
1458837279.544, 1458838961.461, 1458840089.187, 1458841097.148, 
1458842089.789, 1458842631.234, 1458843176.78, 1458843299.502, 
1458843597.131), tzone = "", tclass = c("POSIXct", "POSIXt")), .Dim = c(1094L, 
1L), .Dimnames = list(NULL, "Vtick"))
