structure(c(0, 1, 2, 3, 4, 5, 6, 7, 8, 9, 10, 11, 12, 13, 14, 
15, 16, 17, 18, 19, 20, 21, 22, 23, 24, 25, 26, 27, 28, 29, 30, 
31, 32, 33, 34, 35, 36, 37, 38, 39, 40, 41, 42, 43, 44, 45, 46, 
47, 48, 49, 50, 51, 52, 53, 54, 55, 56, 57, 58, 59, 60, 61, 62, 
63, 64, 65, 66, 67, 68, 70, 71, 72, 73, 74, 75, 76, 77, 78, 79, 
80, 81, 82, 83, 84, 85, 86, 87, 88, 89, 90, 91, 92, 93, 94, 95, 
96, 97, 98, 99, 100, 101, 102, 103, 104, 105, 106, 107, 108, 
109, 110, 111, 112, 113, 114, 115, 116, 117, 118, 119, 120, 121, 
122, 123, 124, 125, 126, 127, 128, 129, 130, 131, 132, 133, 134, 
135, 136, 137, 138, 139, 140, 141, 142, 143, 144, 145, 146, 147, 
148, 149, 150, 151, 152, 153, 154, 155, 156, 157, 158, 159, 160, 
161, 162, 163, 164, 165, 166, 167, 168, 169, 170, 171, 172, 176, 
177, 179, 180, 181, 182, 183, 184, 185, 186, 187, 188, 189, 190, 
191, 192, 193, 194, 195, 196, 197, 198, 199, 200, 201, 202, 204, 
205, 206, 207, 208, 209, 210, 211, 212, 213, 214, 215, 216, 217, 
218, 219, 220, 222, 223, 224, 225, 226, 227, 228, 229, 230, 231, 
232, 233, 234, 235, 236, 237, 238, 239, 240, 241, 242, 243, 244, 
245, 246, 247, 248, 249, 250, 251, 252, 253, 254, 255, 256, 257, 
259, 260, 261, 262, 263, 264, 265, 266, 267, 268, 269, 270, 271, 
272, 274, 275, 276, 277, 278, 279, 280, 281, 282, 283, 284, 285, 
286, 287, 288, 289, 290, 291, 292, 293, 294, 295, 296, 297, 299, 
300, 301, 302, 303, 304, 305, 306, 307, 308, 309, 310, 311, 312, 
313, 314, 315, 316, 317, 318, 319, 320, 321, 322, 323, 324, 325, 
326, 327, 328, 329, 330, 331, 332, 334, 335, 336, 337, 338, 339, 
340, 341, 342, 343, 344, 345, 346, 347, 348, 349, 350, 351, 352, 
353, 354, 355, 356, 357, 358, 359, 360, 361, 362, 363, 364, 365, 
366, 367, 368, 370, 371, 372, 373, 374, 375, 376, 377, 378, 379, 
380, 381, 382, 383, 384, 385, 387, 388, 389, 390, 391, 392, 393, 
394, 395, 396, 397, 398, 399, 400, 401, 402, 403, 404, 405, 406, 
407, 408, 409, 410, 411, 412, 413, 414, 415, 416, 417, 418, 419, 
423, 424, 425, 426, 427, 428, 429, 430, 431, 432, 433, 434, 435, 
436, 437, 438, 439, 440, 441, 442, 443, 444, 445, 446, 447, 448, 
449, 450, 451, 452, 453, 454, 455, 456, 457, 458, 459, 460, 461, 
462, 463, 464, 465, 466, 467, 468, 470, 472, 473, 474, 475, 476, 
477, 478, 479, 480, 481, 482, 483, 484, 486, 487, 488, 489, 490, 
491, 492, 493, 494, 495, 496, 497, 498, 501, 502, 503, 504, 505, 
506, 511, 513, 514, 516, 517, 518, 519, 520, 521, 522, 523, 524, 
525, 526, 527, 528, 529, 530, 531, 532, 533, 534, 535, 537, 538, 
539, 540, 541, 542, 543, 544, 545, 546, 547, 548, 550, 551, 552, 
553, 554, 555, 556, 557, 558, 559, 560, 561, 562, 563, 564, 565, 
566, 567, 568, 569, 570, 571, 572, 573, 574, 575, 576, 577, 578, 
579, 580, 581, 582, 583, 584, 585, 586, 588, 589, 591, 592, 593, 
594, 596, 597, 598, 599, 600, 601, 602, 603, 604, 605, 606, 607, 
608, 609, 610, 611, 612, 613, 614, 615, 616, 617, 618, 619, 620, 
621, 622, 623, 624, 625, 626, 627, 628, 629, 630, 631, 632, 633, 
634, 635, 636, 637, 638, 639, 640, 641, 642, 643, 644, 645, 646, 
647, 648, 649, 650, 651, 652, 653, 654, 655, 656, 657, 658, 659, 
660, 661, 662, 663, 664, 665, 666, 667, 670, 671, 672, 673, 674, 
675, 676, 677, 678, 679, 680, 681, 682, 683, 684, 685, 686, 687, 
688, 689, 690, 691, 692, 693, 694, 695, 696, 697, 698, 699, 700, 
701, 702, 703, 704, 705, 706, 707, 709, 710, 713, 714, 715, 716, 
717, 718, 719, 720, 723, 725, 726, 727, 728, 729, 730, 731, 732, 
733, 734, 735, 736, 737, 738, 739, 740, 741, 742, 743, 744, 745, 
746, 747, 748, 749, 750, 751, 752, 753, 754, 755, 756, 757, 758, 
759, 762, 763, 764, 765, 766, 767, 768, 769, 770, 772, 773, 774, 
775, 777, 778, 779, 780, 781, 782, 783, 784, 785, 786, 787, 788, 
789, 790, 791, 792, 793, 794, 795, 796, 797, 798, 799, 800, 801, 
802, 803, 804, 805, 806, 807, 808, 809, 810, 811, 812, 813, 814, 
816, 817, 818, 819, 820, 821, 822, 823, 824, 825, 826, 827, 828, 
829, 830, 831, 832, 833, 834, 835, 836, 837, 838, 839, 840, 841, 
842, 843, 844, 845, 846, 847, 848, 850, 851, 852, 853, 854, 855, 
856, 857, 858, 859, 860, 861, 862, 863, 864, 865, 866, 867, 868, 
869, 870, 871, 872, 873, 874, 875, 876, 877, 878, 879, 880, 881, 
882, 883, 884, 885, 886, 888, 889, 890, 891, 892, 893, 894, 895, 
896, 897, 898, 899, 900, 901, 902, 903, 904, 905, 906, 907, 908, 
909, 910, 913, 914, 915, 916, 917, 918, 919, 920, 921, 922, 923, 
924, 925, 926, 927, 928, 930, 931, 934, 935, 936, 938, 939, 940, 
941, 942, 943, 944, 945, 946, 947, 948, 949, 950, 951, 952, 953, 
954, 955, 956, 957, 958, 959, 960, 961, 962, 963, 964, 965, 966, 
967, 968, 969, 970, 971, 972, 973, 974, 975, 976, 977, 978, 979, 
980, 981, 982, 984, 985, 986, 987, 988, 989, 990, 991, 992, 993, 
994, 995, 996, 997, 998, 999, 1000, 1001, 1002, 1003, 1004, 1005, 
1006, 1007, 1008, 1009, 1010, 1011, 1012, 1013, 1014, 1015, 1016, 
1017, 1020, 1023, 1024, 1025, 1026, 1027, 1028, 1029, 1030, 1031, 
1032, 1033, 1034, 1035, 1036, 1037, 1038, 1039, 1040, 1041, 1042, 
1043, 1044, 1045, 1046, 1047, 1048, 1049, 1050, 1051, 1052, 1053, 
1054, 1055, 1056, 1057, 1058, 1059, 1060, 1061, 1062, 1063, 1064, 
1065, 1066, 1067, 1068, 1069, 1070, 1071, 1072, 1073, 1074, 1075, 
1076, 1077, 1078, 1079, 1080, 1081, 1082, 1083, 1084, 1085, 1086, 
1087, 1088, 1089, 1090, 1091, 1092, 1093, 1094, 1095, 1096, 1098, 
1099, 1100, 1101, 1102, 1103, 1104, 1105, 1106, 1107, 1108, 1109, 
1110, 1111, 1112, 1113, 1114, 1115, 1116, 1117, 1118, 1119, 1120, 
1121, 1123, 1124, 1125, 1126, 1127, 1128, 1129, 1130, 1131, 1132, 
1133, 1134, 1135, 1136, 1137, 1138, 1139, 1140, 1141, 1142, 1143, 
1144, 1145, 1146, 1147, 1148, 1149, 1150, 1151, 1152, 1154), class = c("xts", 
"zoo"), .indexCLASS = c("POSIXct", "POSIXt"), .indexTZ = "", tclass = c("POSIXct", 
"POSIXt"), tzone = "", index = structure(c(1454941800.057, 1454943117.93, 
1454945502.312, 1454949539.393, 1454950550.959, 1454953615.465, 
1454953786.677, 1454954932.774, 1454957614.494, 1454958898.452, 
1455028426.838, 1455029459.498, 1455030702.122, 1455034436.622, 
1455036644.908, 1455037314.921, 1455038332.36, 1455041690.954, 
1455045169.685, 1455045299.278, 1455114656.4, 1455115528.88, 
1455117417.753, 1455118973.417, 1455120631.877, 1455123265.952, 
1455125631.787, 1455129157.086, 1455131638.007, 1455201115.717, 
1455201895.853, 1455202605.517, 1455203218.502, 1455204329.338, 
1455206560.124, 1455209097.706, 1455211739.799, 1455213890.337, 
1455217650.6, 1455287459.401, 1455288047.97, 1455288888.778, 
1455289853.754, 1455291089.47, 1455292831.436, 1455295406.637, 
1455296995.727, 1455298915.106, 1455301431.014, 1455303735.745, 
1455304499.816, 1455633119.757, 1455633598.25, 1455634425.364, 
1455635458.987, 1455636479.761, 1455637559.933, 1455638508.663, 
1455639594.584, 1455641338.923, 1455642465.465, 1455643017.653, 
1455643737.565, 1455644697.294, 1455646307.999, 1455647190.453, 
1455649968.061, 1455650211.262, 1455719694.595, 1455719815.797, 
1455720057.326, 1455720598.197, 1455721198.14, 1455721967.483, 
1455722430.663, 1455723174.204, 1455723709.979, 1455724541.234, 
1455725598.895, 1455727257.844, 1455728651.937, 1455731215.832, 
1455733016.991, 1455735175.177, 1455736377.052, 1455736558.99, 
1455806096.75, 1455806579.357, 1455807112.9, 1455808429.444, 
1455809638.658, 1455810281.602, 1455811196.834, 1455811676.529, 
1455811919.386, 1455812517.781, 1455813219.35, 1455813834.811, 
1455814964.172, 1455816171.671, 1455817244.558, 1455818749.185, 
1455820832.815, 1455822418.317, 1455822899.977, 1455823197.875, 
1455892439.589, 1455893098.905, 1455893395.647, 1455894335.499, 
1455895138.016, 1455896442.533, 1455897714.448, 1455898546.927, 
1455899627.046, 1455900769.738, 1455902742.103, 1455903595.52, 
1455904854.272, 1455905817.499, 1455907192.076, 1455908323.89, 
1455908997.941, 1455909299.694, 1456151452.356, 1456151636.612, 
1456151998.485, 1456152222.264, 1456152826.532, 1456153258.729, 
1456153662.347, 1456153859.523, 1456153977.677, 1456154158.996, 
1456154336.293, 1456154818.96, 1456155055.541, 1456155281.291, 
1456155598.851, 1456155959.664, 1456156436.162, 1456156617.09, 
1456156979.223, 1456157754.185, 1456158266.382, 1456159078.803, 
1456160397.314, 1456161228.203, 1456162255.043, 1456163678.66, 
1456164893.324, 1456166255.533, 1456167771.276, 1456168439.906, 
1456168499.757, 1456168679.769, 1456237977.759, 1456238099.903, 
1456238277.792, 1456238637.89, 1456239118.381, 1456239651.9, 
1456239958.668, 1456240259.986, 1456240439.891, 1456240978.493, 
1456241565.1, 1456242056.873, 1456242235.903, 1456242418.438, 
1456242775.539, 1456243015.815, 1456243319.852, 1456243379.383, 
1456243558.776, 1456243731.721, 1456244096.897, 1456244514.699, 
1456244817.489, 1456245296.778, 1456245944.296, 1456246616.446, 
1456247279.317, 1456247939.712, 1456248051.73, 1456249133.622, 
1456250093.851, 1456250512.076, 1456250996.84, 1456251351.995, 
1456251654.647, 1456251999.458, 1456253018.543, 1456253098.866, 
1456253339.321, 1456253997.705, 1456254354.792, 1456254655.582, 
1456254899.562, 1456254955.051, 1456324259.064, 1456324316.336, 
1456324377.295, 1456324617.042, 1456324917.736, 1456325217.024, 
1456325754.037, 1456326175.835, 1456326599.615, 1456326897.877, 
1456327182.586, 1456327792.095, 1456328211.695, 1456328639.812, 
1456329179.73, 1456329359.562, 1456329599.767, 1456329959.753, 
1456330375.181, 1456330434.492, 1456330618.853, 1456330855.082, 
1456331147.659, 1456331219.707, 1456331279.146, 1456331339.859, 
1456331458.156, 1456331519.968, 1456331637.525, 1456331755.804, 
1456331876.163, 1456331938.873, 1456332179.531, 1456332416.657, 
1456332596.167, 1456332838.053, 1456333078.947, 1456333436.261, 
1456333859.93, 1456334033.695, 1456334339.434, 1456334759.225, 
1456334998.017, 1456335528.753, 1456336551.873, 1456337156.058, 
1456337638.534, 1456338953.014, 1456339663.73, 1456340519.514, 
1456340974.468, 1456341299.349, 1456341357.871, 1456410657.43, 
1456410772.381, 1456410897.991, 1456411074.916, 1456411138.578, 
1456411252.881, 1456411737.788, 1456412157.179, 1456412453.893, 
1456412572.978, 1456412887.506, 1456413419.583, 1456413598.881, 
1456414078.938, 1456414434.283, 1456415038.411, 1456415633.709, 
1456416051.897, 1456416353.973, 1456416591.508, 1456417019.772, 
1456417497.084, 1456417846.527, 1456418097.931, 1456418271.198, 
1456418636.957, 1456418938.685, 1456419715.96, 1456420977.708, 
1456421814.357, 1456423079.783, 1456424097.5, 1456425175.302, 
1456426285.313, 1456426859.208, 1456427391.894, 1456427699.958, 
1456497058.248, 1456497178.988, 1456497293.123, 1456497593.932, 
1456497959.877, 1456498379.23, 1456498727.803, 1456499159.582, 
1456499277.106, 1456499339.97, 1456499456.559, 1456499817.843, 
1456500290.707, 1456501013.867, 1456501437.4, 1456502395.189, 
1456503105.089, 1456503954.521, 1456504906.291, 1456505577.967, 
1456505928.744, 1456506406.79, 1456506659.008, 1456507018.048, 
1456507548.745, 1456508453.175, 1456508926.108, 1456510123.93, 
1456511201.446, 1456512059.469, 1456513318.982, 1456513798.33, 
1456513979.836, 1456514099.9, 1456514399.315, 1456756259.739, 
1456756379.103, 1456756557.035, 1456756859.935, 1456757159.35, 
1456757579.442, 1456757997.544, 1456758719.759, 1456758954.937, 
1456759257.933, 1456759859.319, 1456760031.941, 1456760215.085, 
1456760635.494, 1456760819.142, 1456761027.986, 1456761406.112, 
1456761778.757, 1456762134.859, 1456762906.077, 1456763263.876, 
1456764231.404, 1456765069.063, 1456766010.799, 1456766801.293, 
1456768079.815, 1456768611.207, 1456769282.123, 1456770444.141, 
1456771372.315, 1456772455.409, 1456772876.851, 1456773239.9, 
1456773299.295, 1456773358.927, 1456842659.697, 1456842719.587, 
1456842779.489, 1456842959.806, 1456843069.713, 1456843139.072, 
1456843194.451, 1456843317.951, 1456843493.639, 1456843739.744, 
1456843919.964, 1456844399.928, 1456844513.778, 1456844740.957, 
1456845296.6, 1456845419.927, 1456845717.594, 1456845822.723, 
1456846019.779, 1456846256.206, 1456846554.383, 1456846798.179, 
1456847204.934, 1456847810.85, 1456848298.855, 1456848659.317, 
1456848896.869, 1456849138.469, 1456849194.771, 1456849319.091, 
1456849499.463, 1456849916.986, 1456850333.138, 1456850794.869, 
1456851292.67, 1456851641.433, 1456852235.838, 1456852912.14, 
1456853459.126, 1456853858.229, 1456854535.966, 1456855019.85, 
1456856037.671, 1456856574.322, 1456858045.635, 1456859145.605, 
1456859273.306, 1456859699.973, 1456859819.448, 1456929058.034, 
1456929118.314, 1456929179.782, 1456929237.366, 1456929299.969, 
1456929538.552, 1456929717.161, 1456929894.858, 1456930138.123, 
1456930197.736, 1456930487.888, 1456930675.423, 1456930799.685, 
1456930918.622, 1456930977.589, 1456931219.947, 1456931333.981, 
1456931457.315, 1456931699.84, 1456931819.464, 1456931998.142, 
1456932232.863, 1456932704.974, 1456933197.444, 1456933739.34, 
1456933799.01, 1456934039.915, 1456934339.623, 1456934759.814, 
1456935235.635, 1456935476.142, 1456935719.439, 1456936017.37, 
1456936379.308, 1456936791.832, 1456937023.506, 1456937507.569, 
1456938898.571, 1456940030.063, 1456941287.143, 1456942466.777, 
1456943819.919, 1456945245.039, 1456945973.219, 1456946099.924, 
1457015459.665, 1457015569.282, 1457015638.66, 1457015819.878, 
1457015996.589, 1457016234.799, 1457016596.89, 1457016778.971, 
1457017424.498, 1457017849.638, 1457018696.049, 1457019174.784, 
1457019477.136, 1457019779.074, 1457020079.272, 1457020679.902, 
1457021093.321, 1457021396.411, 1457021695.342, 1457022417.176, 
1457022953.877, 1457023797.798, 1457024314.489, 1457025105.497, 
1457025566.142, 1457025839.834, 1457026019.715, 1457026079.969, 
1457026138.444, 1457026199.574, 1457026255.409, 1457026436.814, 
1457026559.633, 1457026619.94, 1457026675.737, 1457026738.109, 
1457026794.798, 1457026918.288, 1457026978.679, 1457027159.123, 
1457027455.416, 1457027633.018, 1457027759.143, 1457028052.608, 
1457028299.037, 1457028537.826, 1457028712.457, 1457028992.583, 
1457029318.791, 1457029967.761, 1457030630.578, 1457031476.601, 
1457031897.877, 1457032256.927, 1457032379.687, 1457032499.977, 
1457032679.637, 1457101859.889, 1457101979.065, 1457102098.631, 
1457102219.763, 1457102335.608, 1457102459.971, 1457102637.342, 
1457102878.744, 1457103056.941, 1457103178.309, 1457103359.726, 
1457103479.784, 1457103658.692, 1457103836.601, 1457104011.217, 
1457104196.176, 1457104439.583, 1457104784.05, 1457104978.664, 
1457105454.373, 1457105691.164, 1457106047.023, 1457106529.217, 
1457106958.792, 1457107135.767, 1457107492.33, 1457107855.47, 
1457108279.105, 1457108442.301, 1457109114.488, 1457109656.543, 
1457110312.513, 1457110378.229, 1457111148.782, 1457111397.366, 
1457111939.717, 1457112354.399, 1457112719.835, 1457113138.41, 
1457113908.944, 1457114934.517, 1457115599.446, 1457116247.252, 
1457116977.811, 1457117879.432, 1457118584.756, 1457118839.491, 
1457118899.716, 1457118959.471, 1457361059.796, 1457361119.349, 
1457361299.475, 1457361359.98, 1457361419.249, 1457361537.694, 
1457361658.979, 1457361950.32, 1457362251.398, 1457362736.685, 
1457362856.302, 1457363159.381, 1457363459.375, 1457363997.891, 
1457364657.367, 1457365188.634, 1457365556.732, 1457366334.645, 
1457366698.899, 1457367115.243, 1457367299.83, 1457367768.286, 
1457368136.217, 1457368835.789, 1457370353.218, 1457371619.698, 
1457372453.879, 1457373390.754, 1457374179.914, 1457374919.81, 
1457375210.893, 1457375938.581, 1457376280.824, 1457377559.844, 
1457377676.089, 1457377975.04, 1457378039.465, 1457378099.821, 
1457378209.467, 1457447455.291, 1457447515.413, 1457447574.655, 
1457447875.24, 1457448176.489, 1457448719.195, 1457448839.649, 
1457449017.77, 1457449314.326, 1457449499.193, 1457449977.63, 
1457450576.525, 1457451057.929, 1457451411.683, 1457451535.619, 
1457451658.902, 1457451899.049, 1457452132.644, 1457452377.376, 
1457452850.214, 1457453269.877, 1457453454.291, 1457454058.573, 
1457454476.319, 1457455078.592, 1457455495.876, 1457456688.536, 
1457457419.442, 1457458669.886, 1457459735.373, 1457460384.847, 
1457461019.313, 1457461231.008, 1457461797.162, 1457462393.411, 
1457462601.504, 1457464011.541, 1457464499.811, 1457533856.255, 
1457533979.36, 1457534159.815, 1457534394.385, 1457534515.478, 
1457534861.976, 1457534997.18, 1457535291.781, 1457535357.672, 
1457535598.484, 1457535837.987, 1457536395.617, 1457536734.901, 
1457537579.643, 1457538059.614, 1457538777.973, 1457539319.281, 
1457539913.424, 1457540695.018, 1457541051.096, 1457541534.991, 
1457541893.199, 1457542676.474, 1457542906.315, 1457543038.788, 
1457543153.277, 1457543329.278, 1457543638.592, 1457543813.886, 
1457544359.976, 1457544599.671, 1457545553.208, 1457546099.248, 
1457547052.645, 1457548253.111, 1457549393.158, 1457550297.515, 
1457550655.408, 1457550839.252, 1457550899.832, 1457551198.061, 
1457620259.34, 1457620379.675, 1457620499.612, 1457620619.149, 
1457620799.188, 1457621098.244, 1457621159.714, 1457621278.523, 
1457621398.746, 1457621513.025, 1457621811.197, 1457622175.777, 
1457622414.644, 1457622538.422, 1457622775.546, 1457623310.891, 
1457623918.607, 1457623978.415, 1457624158.784, 1457624394.039, 
1457624519.886, 1457624637.696, 1457624754.909, 1457625059.162, 
1457625230.836, 1457625536.555, 1457626009.327, 1457626319.395, 
1457626558.701, 1457626971.305, 1457627386.169, 1457627871.176, 
1457628719.563, 1457629595.993, 1457630157.826, 1457630871.576, 
1457631353.69, 1457631954.283, 1457632496.418, 1457633159.842, 
1457633699.622, 1457633938.841, 1457634056.051, 1457634235.586, 
1457634538.846, 1457634717.569, 1457634959.156, 1457635615.537, 
1457635735.183, 1457636131.188, 1457636449.162, 1457636639.235, 
1457636813.383, 1457636875.649, 1457637179.735, 1457637299.745, 
1457637358.062, 1457706659.255, 1457706717.779, 1457706839.987, 
1457706957.246, 1457707079.154, 1457707258.795, 1457707498.646, 
1457707558.247, 1457707676.453, 1457707858.011, 1457708089.446, 
1457708450.14, 1457708799.118, 1457709237.743, 1457709658.78, 
1457709958.679, 1457710198.946, 1457710559.395, 1457710796.804, 
1457711458.352, 1457711995.315, 1457712659.028, 1457712995.424, 
1457713653.401, 1457714039.263, 1457714155.381, 1457714639.5, 
1457715179.158, 1457716196.484, 1457716497.439, 1457717332.735, 
1457718477.518, 1457719733.972, 1457721359.526, 1457722427.009, 
1457723096.716, 1457723699.637, 1457723998.017, 1457962319.775, 
1457962499.981, 1457962858.83, 1457963092.658, 1457963758.872, 
1457964057.84, 1457964656.194, 1457965315.018, 1457965738.922, 
1457966274.174, 1457966579.358, 1457967118.632, 1457967419.016, 
1457967719.448, 1457967959.803, 1457968259.746, 1457968542.391, 
1457968978.297, 1457969448.092, 1457970356.009, 1457970659.367, 
1457970952.362, 1457971835.448, 1457972939.576, 1457973589.211, 
1457974670.865, 1457976098.25, 1457977017.677, 1457977311.27, 
1457978395.015, 1457978915.287, 1457979299.996, 1457979415.951, 
1458048658.071, 1458048839.674, 1458049019.458, 1458049130.999, 
1458049315.579, 1458049552.105, 1458049851.452, 1458050267.158, 
1458051057.046, 1458051359.725, 1458051954.019, 1458052557.67, 
1458052854.7, 1458053695.936, 1458054417.388, 1458055011.045, 
1458055859.447, 1458056320.309, 1458056759.641, 1458057656.391, 
1458057952.067, 1458058670.985, 1458059380.341, 1458060457.074, 
1458061615.642, 1458062998.467, 1458063772.272, 1458065029.48, 
1458065639.971, 1458065699.914, 1458065998.033, 1458135118.97, 
1458135299.779, 1458135656.75, 1458135949.832, 1458136199.696, 
1458136259.779, 1458136318.385, 1458136437.361, 1458136917.182, 
1458137337.42, 1458137936.405, 1458138777.548, 1458139237.532, 
1458139959.781, 1458141235.82, 1458141535.751, 1458142377.267, 
1458143271.295, 1458144779.909, 1458145792.762, 1458146511.202, 
1458147657.774, 1458148247.653, 1458149035.385, 1458150532.428, 
1458151195.034, 1458152039.89, 1458152099.487, 1458152218.387, 
1458221459.614, 1458221516.39, 1458221636.603, 1458221939.128, 
1458222537.558, 1458223078.37, 1458223256.772, 1458224270.567, 
1458224934.435, 1458225099.201, 1458225538.526, 1458225773.545, 
1458225839.152, 1458226019.51, 1458226138.757, 1458226255.734, 
1458226379.563, 1458226438.768, 1458226499.982, 1458226559.523, 
1458226618.756, 1458226739.967, 1458226791.83, 1458226919.698, 
1458227097.711, 1458227159.916, 1458227337.775, 1458227506.236, 
1458227745.042, 1458227939.724, 1458228176.728, 1458228468.799, 
1458228898.664, 1458229198.066, 1458229378.067, 1458229918.665, 
1458230568.068, 1458230819.881, 1458230879.429, 1458230936.603, 
1458231059.99, 1458231118.669, 1458231177.944, 1458231299.592, 
1458231407.292, 1458231658.281, 1458231839.387, 1458232135.205, 
1458232558.392, 1458233092.729, 1458233215.889, 1458233399.749, 
1458233638.409, 1458233999.087, 1458234418.811, 1458235079.15, 
1458235677.954, 1458236211.363, 1458236939.419, 1458237599.331, 
1458237954.748, 1458238259.902, 1458238379.252, 1458238439.779, 
1458238499.971, 1458307855.249, 1458307979.028, 1458308157.466, 
1458308389.042, 1458308923.472, 1458309349.896, 1458309944.076, 
1458310668.634, 1458311517.381, 1458311873.594, 1458312478.729, 
1458313077.021, 1458313554.178, 1458313799.525, 1458314070.446, 
1458314517.55, 1458314938.327, 1458315476.143, 1458315953.841, 
1458316613.07, 1458317739.302, 1458318417.074, 1458318656.26, 
1458319495.964, 1458320210.682, 1458320512.739, 1458321655.452, 
1458323213.681, 1458324118.043, 1458324719.962, 1458324839.768, 
1458324899.67, 1458324954.745, 1458567059.566, 1458567119.173, 
1458567174.116, 1458567239.926, 1458567298.567, 1458567419.143, 
1458567479.384, 1458567597.527, 1458567658.517, 1458567779.379, 
1458567837.925, 1458567899.038, 1458568078.942, 1458568318.668, 
1458568497.957, 1458568739.936, 1458568972.61, 1458569338.244, 
1458569693.69, 1458570412.528, 1458570718.732, 1458571126.313, 
1458571559.914, 1458571979.043, 1458572099.218, 1458572216.234, 
1458572818.866, 1458572935.485, 1458573119.305, 1458573472.609, 
1458574130.185, 1458574965.004, 1458576474.33, 1458577820.195, 
1458579699.295, 1458581266.557, 1458581576.366, 1458582041.353, 
1458582928.888, 1458583669.824, 1458584039.346, 1458584099.953, 
1458584219.604, 1458653511.24, 1458653758.801, 1458653878.094, 
1458654059.275, 1458654357.097, 1458654718.466, 1458655377.691, 
1458655556.482, 1458656038.781, 1458656500.348, 1458656879.845, 
1458657355.249, 1458657838.154, 1458658371.387, 1458658859.932, 
1458659574.871, 1458660057.913, 1458660296.798, 1458660597.292, 
1458661374.274, 1458661672.057, 1458662097.807, 1458662759.714, 
1458663770.249, 1458663953.574, 1458664075.373, 1458665086.828, 
1458667130.158, 1458667854.177, 1458668503.615, 1458669715.509, 
1458670439.57, 1458670499.886, 1458670798.804, 1458739918.374, 
1458740219.197, 1458740397.793, 1458740879.112, 1458741657.545, 
1458742734.468, 1458743157.811, 1458743578.955, 1458743933.534, 
1458744824.763, 1458745378.157, 1458746936.231, 1458747415.488, 
1458748499.994, 1458749511.023, 1458750039.655, 1458751663.385, 
1458753178.658, 1458754408.012, 1458755934.226, 1458756717.995, 
1458756839.667, 1458756899.993, 1458756959.549, 1458826257.332, 
1458826319.638, 1458826439.165, 1458826730.043, 1458827159.13, 
1458827219.976, 1458827339.804, 1458827870.689, 1458828298.361, 
1458828838.765, 1458829189.149, 1458829555.271, 1458829917.181, 
1458830039.632, 1458830277.758, 1458830757.192, 1458831419.066, 
1458832192.187, 1458833083.502, 1458834231.727, 1458835436.191, 
1458837279.562, 1458838963.64, 1458840104.508, 1458841127.229, 
1458842094.299, 1458842633.582, 1458843177.778, 1458843299.841
), tzone = "", tclass = c("POSIXct", "POSIXt")), .Dim = c(1094L, 
1L), .Dimnames = list(NULL, "Vtick"))
